1520530313699746048.000000 0.071227990 0.001054883 0.067848369 0.002833990 -0.026762476 -0.999176621 0.030362509
1520530315899643136.000000 -0.105376542 0.068220012 -0.029680148 -0.001073305 -0.115287662 -0.984739721 0.130366221
1520530318450777088.000000 1.667117476 0.280462861 0.107179411 0.045552514 -0.059835371 -0.988233805 -0.133186787
1520530320999882240.000000 -0.387674153 0.101631954 0.291908681 -0.033855263 0.014527861 -0.982162297 0.184390917
1520530322350209536.000000 -0.315982103 -0.592840493 0.273660153 -0.002325982 -0.018591911 -0.989096522 0.146072358
1520530325100815616.000000 1.365904689 0.605348587 -0.051887944 0.028065611 -0.018188471 -0.999167979 -0.023344941
1520530327550089984.000000 1.006783247 -0.249385059 0.215602502 0.069244996 -0.000596633 -0.989653468 0.125661820
1520530330400172288.000000 0.578874946 0.174529910 0.189709991 0.062037811 -0.043347199 -0.959767163 -0.270406038
1520530332200392192.000000 0.577372730 0.050946549 0.150246993 -0.073556587 -0.056005158 -0.938749790 -0.331966579
1520530335100932608.000000 0.366419017 0.079739206 0.213759467 -0.011798246 -0.353245705 -0.933797538 0.055681743
1520530338050861568.000000 0.998071432 -0.077385910 0.437797070 0.047307316 0.046573155 -0.974817872 -0.212892339
1520530339400969728.000000 -0.183085233 -0.348467946 -0.072828792 0.009988218 -0.310544133 -0.857322276 0.410440266
1520530342400675584.000000 0.185815632 0.220078871 0.117014967 -0.039004628 0.014444891 -0.998162210 -0.044071488
1520530344351408640.000000 1.385562778 0.908266842 0.080866158 0.147874296 -0.046312161 0.634766638 0.757007122
1520530347001550592.000000 1.142413616 -1.280528545 0.045968868 0.037807483 -0.056185011 -0.571404696 0.817869484
1520530347901227008.000000 0.018516988 -1.367295861 0.031964477 -0.018064596 -0.088403322 -0.713524342 0.694796085
1520530350501515520.000000 -0.047555991 0.915982783 0.034792297 -0.146431699 0.034157220 -0.812016726 -0.563932657
1520530353401398784.000000 1.910099983 -0.816282928 0.033009015 0.056234185 -0.123446919 -0.258903861 0.956330180
1520530355651415552.000000 -0.539245844 -0.981713116 0.042474121 -0.100717418 -0.077102683 -0.860413730 0.493557960
1520530357151156480.000000 -0.753603339 0.541827440 0.037005868 -0.139737442 0.007205603 -0.977120817 -0.160176843
1520530359701875968.000000 1.943987608 0.476084977 -0.116693787 0.067700721 -0.059669457 0.382281214 0.919628918
1520530360750980096.000000 1.900315762 -0.631662548 0.407429218 0.061252013 0.053180821 0.162475929 -0.983372569
1520530363451658752.000000 -0.592353821 -1.152453184 0.332828999 -0.075137705 -0.068088979 -0.775398791 0.623277605
1520530366001907456.000000 0.067425676 1.096958041 0.120183498 -0.109772399 -0.046556316 -0.903060973 -0.412629843
1520530368851388928.000000 2.133762598 -0.340114027 0.196574643 0.001857804 0.124164276 0.052324340 -0.990879416
1520530369151397888.000000 1.925604820 -0.590173006 0.176330373 0.063766085 -0.059148703 -0.444676310 0.891458631
1520530369651547648.000000 1.567846417 -0.809746861 0.220349520 0.045017641 0.008877424 -0.866000056 0.497934312
1520530370701888512.000000 0.683828354 -1.038337231 0.390593141 0.256392568 0.034447391 -0.955251873 0.143423095
1520530371201949952.000000 0.206051826 -1.066445947 0.368163824 -0.024323685 -0.025759449 -0.997302175 0.064290121
1520530374151592448.000000 -0.334691018 0.679221511 0.227009505 0.006742796 -0.046633001 -0.610904157 -0.790301204
1520530374652408064.000000 0.113104001 0.680416763 0.314158022 0.078043416 -0.013130140 -0.346857667 -0.934572995
1520530375152446720.000000 0.584409237 1.030085802 0.264368087 0.035626873 -0.021112416 -0.545237482 -0.837258041
1520530376652663040.000000 1.723298311 0.220948368 0.096946761 0.291079342 0.022304552 0.057958134 0.954681218
1520530376952672000.000000 1.557199240 -0.015223395 0.109497070 0.248395041 0.101660445 -0.258534044 0.927968383
1520530379751857664.000000 -0.034972072 -1.082048535 0.157653034 0.061708368 0.060109474 -0.709046125 0.699880362
1520530380101830144.000000 -0.350699127 -1.178955436 0.150458455 -0.146218866 -0.138762712 -0.706551015 0.678344131
1520530381152047616.000000 -0.186098069 -0.296799421 -0.020798862 -0.185805783 -0.061484322 -0.950184464 -0.242581010
1520530383802477568.000000 2.030806303 0.274275392 0.095491849 0.015530102 -0.094007663 -0.913974166 -0.394427121
1520530384502435328.000000 2.015069485 0.860051870 0.045920052 -0.083844781 -0.061513990 -0.983842969 0.145736754
1520530384852858368.000000 1.748464465 1.073697090 0.028834388 -0.069697604 -0.104871407 -0.937291801 0.325005203
1520530385202869248.000000 1.421429157 1.245515227 0.087241136 0.196519241 0.060688637 -0.875264287 0.437732220
1520530387002679040.000000 -0.395381004 0.802057505 0.118259065 0.128518090 0.016162423 -0.568411410 0.812484026
1520530387302606848.000000 -0.648548126 0.699206233 0.321332425 0.066409670 0.145703495 -0.565544307 0.809024036
1520530387602616832.000000 -0.810198367 0.400084972 0.295484245 0.062704362 0.159041435 -0.433009744 0.885029197
1520530387902463488.000000 -0.796867251 0.061770622 0.040825263 0.164085969 0.102226526 -0.174252957 0.965536892
1520530389252244992.000000 -0.514408648 -1.069278479 0.085413896 0.133305356 0.103804477 0.183022097 0.968481898
1520530392002431488.000000 2.077980280 -0.135817558 0.131204888 -0.072325699 -0.103743836 -0.857755840 -0.498258054
1520530392952244736.000000 2.693736792 -0.055723697 0.323841691 0.034552142 0.066565752 -0.697842956 -0.712313473
1520530395203735296.000000 0.857199192 0.794372439 0.199440464 -0.017008059 0.085490584 -0.910850585 -0.403426826
1520530397152783872.000000 -0.129364014 -0.849009454 0.252353072 0.074901029 -0.040773951 -0.511023223 -0.855326116
1520530399953274880.000000 0.885197520 -0.674942255 0.054358885 0.060470920 0.101932034 0.317734033 0.940743446
1520530401152303104.000000 2.127296448 -0.005331352 0.021483023 -0.009678501 -0.114902742 -0.889443278 -0.442260563
1520530402402566656.000000 1.640355468 -0.354400128 -0.155261755 0.173355296 -0.078829348 -0.626678586 0.755650640
1520530402803416320.000000 1.772772431 -0.976918697 -0.026623324 0.090818591 -0.136566192 -0.376324773 0.911856055
1520530403153427200.000000 1.546062469 -1.079338431 0.376424849 0.141624674 0.042964235 0.312749445 -0.938234746
1520530403502942976.000000 1.117932677 -0.887790203 0.430484682 0.154367343 -0.002123848 0.475108325 -0.866278350
1520530403852260608.000000 0.717641056 -0.488474458 0.055416860 0.002726186 -0.097617060 -0.727438807 0.679187953
1520530405702792448.000000 -0.572870553 -0.293360919 -0.074276246 0.161147639 -0.031967871 -0.496657193 0.852256596
1520530406052803584.000000 -0.434878081 -0.769777954 -0.084699035 0.163751319 -0.061097741 -0.230820134 0.957170188
1520530406403578368.000000 -0.532372713 -1.061776400 0.219296902 0.018994484 0.085173495 0.223970100 -0.970681310
1520530406753493248.000000 -0.829189181 -1.052755833 0.276489228 0.085891321 0.030521650 0.393472701 -0.914806247
1520530407102697728.000000 -0.941166937 -0.768750846 0.075635716 0.016517384 -0.069544390 -0.674141109 0.735135794
1520530408853382656.000000 1.725873709 -0.518262804 0.402698636 0.099774756 0.054700863 -0.745507002 -0.656713128
1520530411053419776.000000 -0.199947491 -0.644294143 0.318585575 -0.013004226 -0.040135130 -0.939365506 0.340312570
1520530414053113088.000000 0.903492093 0.325278848 0.346549630 0.047978900 0.040128645 -0.950821340 -0.303358972
1520530416053366016.000000 -0.433401614 -0.808278799 -0.161630213 0.033744186 0.058713585 0.508065820 0.858651996
1520530416553383424.000000 -0.480095446 -0.672305405 -0.096905947 0.002640522 -0.076857112 -0.540075898 -0.838095546
1520530418703442432.000000 0.164388388 -0.325205952 -0.026937492 0.029833576 -0.070441745 -0.661342859 -0.746172667
1520530420753710080.000000 0.928866923 -0.632867694 0.119884841 0.043435976 -0.070138954 -0.570780873 -0.816947460
1520530421803616768.000000 1.262165308 0.754703999 0.126721188 -0.091863610 0.114034571 -0.859724581 -0.489316672
1520530424654727168.000000 1.002091646 -0.065740839 0.118572146 0.118727885 0.139736161 -0.757427394 -0.626642764
1520530426753558016.000000 -0.358042300 -0.128089190 0.107989132 -0.007043434 -0.035036407 -0.656147540 -0.753785908
1520530427203605504.000000 -0.707385182 0.152076632 0.074890368 -0.067285366 -0.021258408 -0.951714277 -0.298765421
1520530427603600384.000000 -0.888838708 0.258054852 0.050399777 -0.080205262 -0.046390906 -0.993906796 -0.059701324
1520530428503545856.000000 -0.335162938 -0.772590280 0.070029750 0.046387751 0.008651740 -0.388552845 -0.920217454
1520530429003444224.000000 -0.549019575 -0.836271882 0.066389747 0.000289715 0.041576259 0.214100242 -0.975926518
1520530429453552640.000000 -0.444971412 -0.275218934 0.058335092 0.003038028 -0.028314605 -0.723989666 0.689222753
1520530431503564032.000000 1.318569660 -0.738034248 0.076225996 -0.008025424 0.040300291 0.032567050 -0.998624504
1520530432053530624.000000 1.234120607 -0.100108333 0.057109434 -0.018471329 -0.035717048 -0.742124081 0.669055283
1520530432453701888.000000 1.674202085 0.307616204 0.048514366 0.006441357 -0.028309619 -0.974161744 0.223977581
1520530433353699328.000000 1.874555707 -0.117558204 0.077889070 0.028972542 -0.035493705 0.668787003 0.742040992
1520530434703655680.000000 -0.123278856 0.228578299 0.018728286 0.018320967 -0.049015369 -0.627394557 0.776941419
1520530435053666560.000000 -0.194328234 0.561624885 0.040993258 -0.020503234 -0.036660910 -0.924767673 0.378206789
1520530435453807360.000000 0.025737159 0.392437667 0.041315433 -0.069898844 -0.019921159 -0.982394755 -0.172098681
1520530436403957504.000000 -0.051542737 -0.801590145 0.013497159 0.070248432 0.015041052 0.322771847 0.943746448
1520530437803878144.000000 0.656864524 0.087114200 -0.050420895 -0.095891744 -0.149823859 -0.981321692 -0.073248714
1520530438204486912.000000 0.931902289 0.169487476 0.122957267 -0.224154964 0.038676836 -0.970770180 -0.076576702
1520530439154400512.000000 1.672303438 -0.115767159 -0.020009339 0.023422670 0.073808245 0.639799416 0.764630914
1520530439704262912.000000 1.921479106 -0.037795052 -0.007572688 0.022697316 0.014255399 0.646685541 0.762285709
1520530440204105728.000000 1.872146010 -0.087118022 -0.026735753 0.084401697 0.014596256 0.348857194 0.933253467
1520530440603981568.000000 1.625956059 -0.133202225 -0.016243979 0.078885972 -0.002356070 0.128978878 0.988501847
1520530441003875328.000000 1.302659988 -0.128464594 -0.036597684 0.102951668 -0.020619825 -0.019062493 0.994289935
1520530441453894912.000000 0.923404992 -0.056138098 -0.041781578 0.103438765 -0.062218599 -0.342245311 0.931824744
1520530441954091776.000000 0.640071332 -0.119015954 0.072683215 -0.007288927 -0.057136327 0.520951450 -0.851640701
1520530442354039552.000000 0.665238023 -0.429287314 0.095359102 -0.003954703 -0.112484492 0.292471111 -0.949627519
1520530442753722624.000000 0.960514247 -0.527118385 -0.077328011 0.179308623 0.054358222 0.152365685 0.970401108
1520530443254387456.000000 1.002420902 -0.501119733 0.104171090 0.112308413 -0.086611047 0.480126798 0.865657926
1520530443804016128.000000 0.668505192 -0.655147254 0.088302709 0.138106525 -0.127532288 0.277178943 0.942249477
1520530444204405504.000000 0.227588683 -0.549161255 -0.100031823 0.229713187 -0.034793802 0.003230592 0.972630858
1520530444605164288.000000 -0.257308930 -0.308462054 -0.141753584 0.280543298 -0.034330040 -0.304519147 0.909607112
1520530445004964352.000000 -0.586644888 -0.199846908 0.082394525 0.108407207 0.074008122 -0.353899479 0.926026940
1520530445403893760.000000 -0.351101339 -0.256735951 0.215155765 0.060951330 -0.145225376 0.029555023 -0.987077057
1520530445803752448.000000 0.191694424 0.095039174 -0.104140297 0.201401308 0.106721058 0.427681118 0.874721169
1520530446304902912.000000 0.557553768 0.572436988 0.030342728 -0.155215561 0.021543687 -0.739857912 -0.654258549
1520530446854792192.000000 0.804963052 0.220200717 0.146630168 -0.011401106 0.139889687 -0.580945551 -0.801750124
1520530447404123904.000000 0.725077033 -0.122909397 -0.062158190 0.096299164 -0.018646747 0.213006556 0.972114742
1520530447804071680.000000 0.764295340 -0.198879719 -0.014252901 0.046351843 -0.000091686 0.039309066 0.998151481
1520530448203885056.000000 0.818251967 -0.171690851 -0.059167251 0.029217683 0.047324020 0.025674032 0.998122036
1520530448603929856.000000 0.813671649 -0.125905335 -0.082440600 0.025745135 0.046896543 0.030877624 0.998090446
1520530449053906176.000000 0.806444228 -0.106504194 -0.093647279 0.029408585 0.057928015 0.008355273 0.997852564
